Classification Report
============================================================
              precision    recall  f1-score   support

           0     0.9908    0.9898    0.9903       980
           1     0.9860    0.9947    0.9904      1135
           2     0.9797    0.9806    0.9801      1032
           3     0.9784    0.9871    0.9828      1010
           4     0.9846    0.9776    0.9811       982
           5     0.9810    0.9821    0.9815       892
           6     0.9843    0.9812    0.9827       958
           7     0.9881    0.9728    0.9804      1028
           8     0.9805    0.9825    0.9815       974
           9     0.9694    0.9732    0.9713      1009

    accuracy                         0.9823     10000
   macro avg     0.9823    0.9822    0.9822     10000
weighted avg     0.9823    0.9823    0.9823     10000
