Classification Report
============================================================
              precision    recall  f1-score   support

           0     0.9979    0.9806    0.9892       980
           1     0.9895    1.0000    0.9947      1135
           2     0.9932    0.9903    0.9918      1032
           3     0.9960    0.9762    0.9860      1010
           4     0.9949    0.9888    0.9918       982
           5     0.9746    0.9910    0.9828       892
           6     0.9753    0.9896    0.9824       958
           7     0.9970    0.9737    0.9852      1028
           8     0.9837    0.9897    0.9867       974
           9     0.9680    0.9901    0.9789      1009

    accuracy                         0.9871     10000
   macro avg     0.9870    0.9870    0.9870     10000
weighted avg     0.9872    0.9871    0.9871     10000
