Classification Report
============================================================
              precision    recall  f1-score   support

           0     0.9778    0.9898    0.9838       980
           1     0.9921    0.9930    0.9925      1135
           2     0.9815    0.9758    0.9786      1032
           3     0.9660    0.9851    0.9755      1010
           4     0.9817    0.9807    0.9812       982
           5     0.9897    0.9652    0.9773       892
           6     0.9823    0.9864    0.9844       958
           7     0.9853    0.9767    0.9809      1028
           8     0.9774    0.9764    0.9769       974
           9     0.9782    0.9802    0.9792      1009

    accuracy                         0.9812     10000
   macro avg     0.9812    0.9809    0.9810     10000
weighted avg     0.9813    0.9812    0.9812     10000
